READER_NAME	READER_DESC	FILE_FRAGMENT
Analyst GT 384		"Load time:	28/06/2040 13:33
Read time:	28/06/2040 13:33
Kinetic read cycle completed:	1  of  1
Read start delay time:	0	s
Time delay between kinetic reads:
Barcode:	P75565
Method ID:	CTG-384-400ms,l19
Plate ID:	7064
Comment:
Microplate format:	384 Corning PS
Shake time:	0	s
Temperature:	0	C
Dichroic: None selected
Instrument tag:
Serial number:	GT02002
Read sequence:	column
Mode sequence:	well
Detection mode:	l19
Excitation side:	None
Emission side:	None
Lamp:	None
Readings per well:	1
Time between readings:
Integration time:	400000	us
TargetCV:	0.01 %
TargetSD:	Not Set
Attenuator mode:	o
Motion settling time:	40	ms
Luminescence height:	2	mm	Numeric
Luminescence aperture:	384/96 Aperture
Max cps:	504554.0313	cps
Min counts:	7497	counts
Baseline Source Intensity:	0	cps
Well list:	l19r0(a1:p24) = cps(l19(a1:p24))
Data:	RAW DATA
Units:	cps
Display format:	%.0f
	1	2	3	4	5	6	7	8	9	10	11	12	13	14	15	16	17	18	19	20	21	22	23	24
A	233824	468222	466944	464120	464672	479093	464463	300035	463336	469849	474046	462477	467947	467401	460464	464625	467319	469094	463463	468686	469998	469474	460632	497875
B	237415	469876	467645	464462	462413	468953	463708	461930	467547	467055	460782	465546	468775	464639	463267	466298	460463	465419	465804	460022	469741	468574	467908	495063
C	215197	473941	462782	466453	464746	469460	463868	460959	469384	468286	466046	460972	464784	463246	469019	465549	464194	464649	468293	463411	464719	466749	460984	498251
D	238577	466046	468835	466687	464005	460782	466207	466932	469846	463536	460486	464583	469465	462971	463748	464607	468282	462412	464405	462302	462926	462469	467765	513278
E	215939	468403	466469	466640	469541	468033	464783	468647	466544	463624	469639	469601	463970	464651	462067	463455	467644	472292	469530	460020	469346	468898	468069	423514
F	215627	464197	465468	468847	467747	464036	462752	128464	465782	460700	469023	460265	164635	466441	464755	463464	467457	460839	460458	461974	460489	465632	474646	502200
G	232369	465906	469061	460546	469834	465346	468841	469902	467638	469560	462462	469598	468405	465893	463463	462207	460527	467854	462599	468021	466498	464754	467565	502265
H	231575	464554	469694	466746	463895	469408	466932	464696	465864	462401	460413	466227	468080	468456	479391	463833	462786	469841	462441	462691	464796	464699	116493	506756
I	238377	474741	466726	464637	478590	466031	460024	464846	462477	467277	468590	466221	462396	467673	462463	463338	466231	460026	467335	263358	461984	465348	469836	519129
J	215984	477467	464646	460951	420307	466757	464069	467670	464453	462084	464855	468977	464069	475473	462993	466968	468207	462472	463492	462804	465869	463925	466221	509203
K	238297	462056	467382	465382	467308	468479	464193	463440	466257	464747	462090	463496	466749	478202	465273	463935	462679	467287	466341	461959	462480	466848	462407	495880
L	234859	468532	467469	466449	469802	468046	466664	463479	479409	124933	465722	464785	468769	464191	467825	466412	462879	466858	129877	467580	465294	468787	466720	490415
M	233525	465359	466828	469583	466946	496395	464029	460005	466053	463466	465078	460402	128662	466944	464964	464036	464776	467740	467582	468282	460323	468462	464501	495197
N	238154	464837	467861	469464	463464	464598	466276	466737	468321	465547	464039	469739	467077	462923	464632	464547	466927	478046	464473	467819	464129	463391	465627	499315
O	237935	464735	467751	464603	460046	467751	463474	464066	465490	467336	464440	464047	466793	463473	465646	469277	464698	468845	462319	462794	460898	461978	464147	498787
P	229419	460895	468628	466823	464468	466475	468897	462940	462549	467566	468373	465411	469586	463447	467533	461930	463776	468777	465762	464663	465002	466404	468797	704954
