READER_NAME	READER_DESC	FILE_FRAGMENT
Bmg Labtech 384		"User: USER,Path: C:\Program Files (x86)\BMG\CLARIOstar\User\Data\,Test run no.: 30
Test name: 140205_HeLa-CCR5,Date: 13/03/2014,Time: 15:43:29

Fluorescence (FI), multichromatic

1. Raw Data (355-20/455-30 1)

,1,2,3,4,5,6,7,8,9,10,11,12,13,14,15,16,17,18,19,20,21,22,23,24,
A,,,,,,,,,,,,,,,,,72474,140386,137074,150319,106830,110092,109674,103482
B,,,,,,,,,,,,,,,,,139183,150428,161350,163664,104849,110865,108771,103127
C,,,,,,,,,,,,,,,,,145867,161002,161112,171248,107069,107984,111662,99259
D,,,,,,,,,,,,,,,,,159541,165685,161231,181479,115334,111352,107601,103869
E,,,,,,,,,,,,,,,,,159431,169798,164889,157171,86517,120979,113871,110532
F,,,,,,,,,,,,,,,,,146590,163667,181324,174071,109924,120437,110190,98814
G,,,,,,,,,,,,,,,,,165712,161480,179349,176237,124064,115946,110789,106027
H,,,,,,,,,,,,,,,,,168245,158674,170103,172670,118658,118231,107923,103751
I,,,,,,,,,,,,,,,,,168687,172863,180520,167142,118688,108902,112882,108478
J,,,,,,,,,,,,,,,,,143703,157335,163450,173968,113415,115775,114843,110625
K,,,,,,,,,,,,,,,,,157080,172391,173124,172921,126808,120568,111474,105489
L,,,,,,,,,,,,,,,,,107811,153120,159840,173649,121577,108188,113707,111204
M,,,,,,,,,,,,,,,,,151917,167429,174735,171502,122867,119665,114654,111268
N,,,,,,,,,,,,,,,,,106004,148468,161378,162749,121940,116023,113657,108538
O,,,,,,,,,,,,,,,,,152523,156666,174671,160144,116896,118671,117453,118567
P,,,,,,,,,,,,,,,,,85568,140919,146762,152288,118922,114648,114516,112475

2. Raw Data (610-30/675-50 2)

,1,2,3,4,5,6,7,8,9,10,11,12,13,14,15,16,17,18,19,20,21,22,23,24,
A,,,,,,,,,,,,,,,,,9667,11067,10830,11145,8433,9529,8591,9147
B,,,,,,,,,,,,,,,,,10188,11105,12801,12293,9035,9800,9574,10365
C,,,,,,,,,,,,,,,,,10462,11018,11511,12738,7974,7972,9999,8113
D,,,,,,,,,,,,,,,,,11466,10884,11612,13209,9613,9049,9569,10122
E,,,,,,,,,,,,,,,,,10085,11748,10821,10207,6069,9833,10190,10302
F,,,,,,,,,,,,,,,,,9611,11087,13873,12554,8676,10118,9298,8749
G,,,,,,,,,,,,,,,,,10385,10792,13655,10772,10031,9783,8844,9725
H,,,,,,,,,,,,,,,,,11684,10627,11759,11519,9418,10028,8655,7918
I,,,,,,,,,,,,,,,,,11069,11240,12133,11166,9311,9216,8793,9546
J,,,,,,,,,,,,,,,,,9743,11138,12167,12344,8476,7732,8917,10346
K,,,,,,,,,,,,,,,,,9868,11538,10780,10911,10114,9914,7798,10686
L,,,,,,,,,,,,,,,,,7562,11290,12455,12545,11505,8187,9223,10488
M,,,,,,,,,,,,,,,,,10746,10877,10873,11044,11164,10118,9444,9715
N,,,,,,,,,,,,,,,,,8048,11490,13050,10533,9605,10288,11440,10183
O,,,,,,,,,,,,,,,,,11345,11103,14747,11506,11002,9564,10542,9823
P,,,,,,,,,,,,,,,,,6265,10383,13622,12601,10478,9172,10253,9928
