READER_NAME	READER_DESC	FILE_FRAGMENT
ClarioStar 384	Reader for double space delimited file	"Testname: ApoTox-Fluo
Date: 21/03/2014  Time: 15:27:47
ID1:   ID2: Wizard script `ApoTox`  ID3: unmerged
No. of Channels / Multichromatics: 2
No. of Cycles: 1
Configuration: Fluorescence
Used filter settings and gain values:
  1: 400-15/505-20                                  1678
  2: 483-15/530-20                                  0
  3: -
  4: -
  5: -
Focal height [mm]: 5.1

Chromatic: 1
Cycle: 1
Time [s]: 0
T[ýC]: 22.6
        1       2       3       4       5       6       7       8       9      10      11      12      13      14      15      16      17      18      19      20      21      22      23      24
A  237490  260000  260000  260000  260000  260000  260000  260000  260000  260000  260000  260000  260000  260000  260000  260000  260000  260000  260000  260000  260000  260000  260000  241934
B  260000  260000  260000  260000  259827  252996  260000  260000  260000  260000  260000  260000  260000  260000  260000  260000  260000  260000  260000  260000  260000  260000  260000  260000
C  260000  260000  260000  260000  125434  260000  260000  260000  260000  260000  260000  260000  260000  260000  260000  260000  260000  260000  260000  260000  260000  260000  260000  260000
D  260000  260000  260000  260000  260000  260000  260000  260000  260000  252433  260000  260000  260000  260000  260000  260000  260000  260000  260000  260000  260000  260000  260000  260000
E  260000  260000  260000  260000  260000  260000  260000  260000  260000  260000  260000  260000  260000  252645  246843  260000  260000  260000  260000  260000  260000  260000  260000  260000
F  251885  260000  260000  260000  260000  260000  260000  260000  260000  260000  260000  260000  260000  258401  260000  260000  260000  260000  260000  260000  260000  260000  260000  260000
G  260000  260000  260000  260000  260000  260000  260000  260000  260000  260000  260000  260000  260000  260000  260000  260000  260000  260000  260000  260000  260000  260000  260000  260000
H  260000  260000  260000  260000  260000  260000  260000  260000  260000  260000  260000  260000  260000  260000  260000  242546  260000  260000  258283  260000  260000  260000  260000  260000
I  260000  260000  260000  260000  260000  260000  260000  260000  260000  260000  260000  260000  260000  260000  254765  260000  260000  260000  260000  260000  260000  260000  260000  260000
J  260000  260000  260000  260000  260000  260000  260000  260000  260000  260000  260000  260000  260000  260000  252740  260000  260000  260000  260000  260000  260000  260000  260000  260000
K  260000  260000  260000  260000  260000  260000  260000  260000  260000  260000  260000  260000  260000  260000  260000  252931  260000  255638  260000  260000  260000  260000  260000  260000
L  260000  260000  260000  146695  260000  260000  260000  260000  252019  260000  260000  260000  260000  260000  260000  260000  260000  260000  260000  260000  260000  260000  260000  260000
M  260000  260000  260000  260000  260000  260000  241189  260000  260000  260000  260000  260000  260000  260000  260000  260000  260000  260000  260000  260000  260000  260000  260000  260000
N  240090  214498  260000  260000  246788  260000  260000  260000  247411  241152  260000  260000  260000  260000  260000  260000  260000  260000  260000  260000  260000  260000  260000  260000
O  246250  225229  260000  251316  260000  260000  260000  260000  260000  260000  260000  260000  260000  260000  260000  253036  260000  258256  260000  260000  260000  260000  237666  234713
P  260000  202882  250325  221658  260000  260000  260000  260000  260000  260000  260000  260000  260000  260000  260000  260000  260000  260000  260000  260000  260000  260000  260000  254434

Chromatic: 2
Cycle: 1
Time [s]: 0
T[ýC]: 22.6
        1       2       3       4       5       6       7       8       9      10      11      12      13      14      15      16      17      18      19      20      21      22      23      24
A      27      26      25      26      25      29      26      27      26      21      26      20      21      27      25      21      24      25      24      20      24      24      24      24
B      19      19      19      18      18      19      14      18      20      19      20      20      19      18      17      20      22      22      24      22      24      23      23      25
C      18      20      19      19      20      18      21      21      19      19      21      21      20      19      20      19      21      20      19      16      19      19      20      20
D      19      18      19      20      22      19      20      19      19      19      21      19      19      20      18      19      21      20      24      19      21      20      21      19
E      21      24      16      20      19      20      19      22      17      21      20      19      19      20      20      21      15      20      19      18      18      18      20      18
F      18      19      19      18      19      20      21      20      19      19      21      17      19      18      20      18      19      19      20      19      18      19      19      18
G      20      19      19      18      19      18      19      18      19      19      20      22      18      19      19      19      19      19      21      20      20      20      19      19
H      19      19      18      18      18      19      24      19      20      19      19      20      19      19      18      19      20      19      22      19      20      19      19      18
I      19      19      18      19      17      19      22      20      18      18      19      19      19      18      22      23      18      19      19      19      19      20      18      19
J      20      18      19      19      18      20      22      20      19      20      15      19      19      20      20      19      19      19      17      18      20      19      19      19
K      20      20      20      19      19      18      19      16      19      19      17      16      20      18      20      20      19      20      19      20      20      20      17      17
L      19      19      20      19      20      19      15      19      19      19      20      19      20      19      14      21      20      19      20      18      20      19      19      18
M      12      17      19      19      20      21      16      14      19      19      19      17      21      20      17      19      21      19      18      20      19      18      19      19
N      17      18      19      17      18      18      19      19      18      20      18      18      19      20      20      19      18      18      21      19      18      20      19      17
O      18      17      18      18      18      17      20      18      19      18      19      21      19      20      19      20      19      19      18      19      21      17      18      18
P      19      18      17      19      18      21      20      18      19      20      19      18      18      16      18      19      18      19      20      18      20      17      20      18
