READER_NAME	READER_DESC	FILE_FRAGMENT
Delfia Envision 384 by Row	"Plate	Well	CalcResult	CalcResult	CalcResult
    1	A01	568	420	1352.38095238
    1	A02	858	477	1798.74213836"	"		PltRpt=1 Group=1 JPL  LANTHASCREEN D505>520/490 mirror Tb/OG(1) De=1st Ex=Top Em=Top Wdw=1 (14)	PltRpt=1 Group=1 JPL  LANTHASCREEN D505>520/490 mirror Tb/OG(1) De=2nd Ex=Top Em=Top Wdw=1 (142)	PltRpt=1 Calc 1: General = (X / Y) * Z where X = JPL  LANTHASCREEN D505>520/490 mirror Tb/OG(1) channel 1 window 1, Y = JPL  LANTHASCREEN D505>520/490 mirror Tb/OG(1) channel 2 window 1, Z = 1000
Plate	Well	CalcResult	CalcResult	CalcResult
1	A01	568	420	1352.38095238
1	A02	858	477	1798.74213836
1	A03	1106	418	2645.93301435
1	A04	1180	439	2687.92710706
1	A05	1219	424	2875.0
1	A06	1290	459	2810.45751634
1	A07	450	474	949.367088608
1	A08	544	463	1174.94600432
1	A09	881	485	1816.49484536
1	A10	1171	465	2518.27956989
1	A11	1310	482	2717.84232365
1	A12	1246	449	2775.05567929
1	A13	1071	473	2264.27061311
1	A14	1244	491	2533.60488798
1	A15	1273	458	2779.47598253
1	A16	1245	444	2804.05405405
1	A17	1201	468	2566.23931624
1	A18	1246	495	2517.17171717
1	A19	710	353	2011.33144476
1	A20	1089	399	2729.32330827
1	A21	1165	487	2392.19712526
1	A22	1248	482	2589.21161826
1	A23	1197	468	2557.69230769
1	A24	1197	470	2546.80851064
1	B01	566	484	1169.4214876
1	B02	731	446	1639.01345291
1	B03	1001	486	2059.67078189
1	B04	1205	471	2558.38641189
1	B05	1063	380	2797.36842105
1	B06	1193	472	2527.54237288
1	B07	418	356	1174.15730337
1	B08	705	452	1559.73451327
1	B09	1053	406	2593.59605911
1	B10	1101	394	2794.41624365
1	B11	1161	455	2551.64835165
1	B12	1124	450	2497.77777778
1	B13	646	386	1673.57512953
1	B14	931	440	2115.90909091
1	B15	1109	406	2731.5270936
1	B16	1188	443	2681.71557562
1	B17	1253	459	2729.84749455
1	B18	1212	425	2851.76470588
1	B19	470	439	1070.61503417
1	B20	691	451	1532.15077605
1	B21	1111	451	2463.41463415
1	B22	1190	466	2553.64806867
1	B23	1168	488	2393.44262295
1	B24	1227	491	2498.98167006
1	C01	533	424	1257.0754717
1	C02	775	401	1932.66832918
1	C03	1090	424	2570.75471698
1	C04	1125	421	2672.20902613
1	C05	1116	366	3049.18032787
1	C06	1200	403	2977.6674938
1	C07	700	435	1609.1954023
1	C08	1009	424	2379.71698113
1	C09	1211	445	2721.34831461
1	C10	1143	398	2871.85929648
1	C11	1201	453	2651.21412804
1	C12	1165	434	2684.33179724
1	C13	566	452	1252.21238938
1	C14	783	454	1724.66960352
1	C15	1073	438	2449.7716895
1	C16	1228	482	2547.71784232
1	C17	1087	404	2690.59405941
1	C18	1106	417	2652.27817746
1	C19	483	474	1018.98734177
1	C20	492	434	1133.640553
1	C21	697	437	1594.96567506
1	C22	959	387	2478.03617571
1	C23	1080	425	2541.17647059
1	C24	1197	484	2473.14049587
1	D01	565	424	1332.54716981
1	D02	639	400	1597.5
1	D03	1001	471	2125.26539278
1	D04	1121	475	2360.0
1	D05	1092	447	2442.95302013
1	D06	1132	433	2614.3187067
1	D07	523	450	1162.22222222
1	D08	817	426	1917.84037559
1	D09	1056	434	2433.1797235
1	D10	1098	434	2529.95391705
1	D11	1090	424	2570.75471698
1	D12	1062	454	2339.20704846
1	D13	483	438	1102.73972603
1	D14	643	420	1530.95238095
1	D15	952	418	2277.51196172
1	D16	1135	440	2579.54545455
1	D17	1140	431	2645.01160093
1	D18	1090	422	2582.93838863
1	D19	646	328	1969.51219512
1	D20	993	431	2303.94431555
1	D21	1078	486	2218.10699588
1	D22	1193	418	2854.06698565
1	D23	1130	479	2359.08141962
1	D24	1149	436	2635.32110092
1	E01	456	320	1425.0
1	E02	950	411	2311.43552311
1	E03	1077	374	2879.67914439
1	E04	1134	391	2900.25575448
1	E05	1036	368	2815.2173913
1	E06	1248	437	2855.83524027
1	E07	662	366	1808.7431694
1	E08	1106	420	2633.33333333
1	E09	1192	457	2608.31509847
1	E10	1244	423	2940.89834515
1	E11	1109	443	2503.38600451
1	E12	1191	431	2763.34106729
1	E13	615	451	1363.63636364
1	E14	883	446	1979.8206278
1	E15	1129	443	2548.53273138
1	E16	1175	423	2777.77777778
1	E17	1226	442	2773.75565611
1	E18	1122	447	2510.06711409
1	E19	527	409	1288.50855746
1	E20	618	410	1507.31707317
1	E21	1019	471	2163.48195329
1	E22	1189	434	2739.63133641
1	E23	974	382	2549.7382199
1	E24	1125	440	2556.81818182
1	F01	649	414	1567.63285024
1	F02	864	360	2400.0
1	F03	1077	440	2447.72727273
1	F04	1128	461	2446.85466377
1	F05	1124	450	2497.77777778
1	F06	1120	437	2562.92906178
1	F07	1237	457	2706.7833698
1	F08	1170	426	2746.47887324
1	F09	1085	438	2477.16894977
1	F10	1178	456	2583.33333333
1	F11	1006	382	2633.5078534
1	F12	1026	380	2700.0
1	F13	781	478	1633.89121339
1	F14	1031	420	2454.76190476
1	F15	1053	402	2619.40298507
1	F16	1173	464	2528.01724138
1	F17	1111	442	2513.57466063
1	F18	1017	385	2641.55844156
1	F19	698	396	1762.62626263
1	F20	1021	428	2385.51401869
1	F21	1054	433	2434.18013857
1	F22	1091	450	2424.44444444
1	F23	1109	445	2492.13483146
1	F24	1171	422	2774.88151659
1	G01	1729	446	3876.68161435
1	G02	1331	485	2744.32989691
1	G03	1304	443	2943.56659142
1	G04	1196	431	2774.94199536
1	G05	1268	390	3251.28205128
1	G06	1248	475	2627.36842105
1	G07	520	428	1214.95327103
1	G08	702	427	1644.02810304
1	G09	1075	466	2306.86695279
1	G10	1195	419	2852.02863962
1	G11	1281	430	2979.06976744
1	G12	1247	461	2704.98915401
1	G13	652	400	1630.0
1	G14	1062	388	2737.11340206
1	G15	1257	465	2703.22580645
1	G16	1222	394	3101.52284264
1	G17	1244	439	2833.71298405
1	G18	1286	471	2730.36093418
1	G19	725	409	1772.61613692
1	G20	1048	422	2483.41232227
1	G21	1226	459	2671.02396514
1	G22	1241	465	2668.8172043
1	G23	1159	390	2971.79487179
1	G24	1272	481	2644.49064449
1	H01	510	460	1108.69565217
1	H02	503	462	1088.74458874
1	H03	521	385	1353.24675325
1	H04	820	430	1906.97674419
1	H05	1135	485	2340.20618557
1	H06	1160	432	2685.18518519
1	H07	593	448	1323.66071429
1	H08	847	433	1956.12009238
1	H09	1042	415	2510.84337349
1	H10	1208	455	2654.94505495
1	H11	1121	441	2541.95011338
1	H12	1139	448	2542.41071429
1	H13	638	397	1607.05289673
1	H14	1107	475	2330.52631579
1	H15	1013	375	2701.33333333
1	H16	1154	457	2525.16411379
1	H17	1197	474	2525.3164557
1	H18	1140	424	2688.67924528
1	H19	877	447	1961.96868009
1	H20	1178	455	2589.01098901
1	H21	1037	388	2672.68041237
1	H22	1218	479	2542.79749478
1	H23	1067	397	2687.65743073
1	H24	1298	495	2622.22222222
1	I01	504	438	1150.68493151
1	I02	523	421	1242.28028504
1	I03	573	450	1273.33333333
1	I04	918	407	2255.52825553
1	I05	1075	393	2735.36895674
1	I06	1184	446	2654.70852018
1	I07	629	370	1700.0
1	I08	1043	442	2359.72850679
1	I09	1067	409	2608.80195599
1	I10	1242	395	3144.30379747
1	I11	1120	403	2779.15632754
1	I12	1135	431	2633.41067285
1	I13	531	413	1285.71428571
1	I14	659	431	1529.00232019
1	I15	944	441	2140.58956916
1	I16	1222	479	2551.14822547
1	I17	1038	349	2974.21203438
1	I18	1163	478	2433.05439331
1	I19	685	402	1703.9800995
1	I20	889	416	2137.01923077
1	I21	1045	397	2632.2418136
1	I22	1204	454	2651.98237885
1	I23	1101	425	2590.58823529
1	I24	1133	459	2468.40958606
1	J01	706	466	1515.02145923
1	J02	966	453	2132.45033113
1	J03	1085	447	2427.29306488
1	J04	1129	403	2801.48883375
1	J05	1125	446	2522.42152466
1	J06	1062	449	2365.25612472
1	J07	403	371	1086.25336927
1	J08	528	430	1227.90697674
1	J09	653	438	1490.86757991
1	J10	941	401	2346.63341646
1	J11	1058	401	2638.40399002
1	J12	1069	449	2380.84632517
1	J13	713	422	1689.57345972
1	J14	856	381	2246.7191601
1	J15	988	384	2572.91666667
1	J16	1099	462	2378.78787879
1	J17	988	449	2200.4454343
1	J18	1040	449	2316.25835189
1	J19	504	451	1117.51662971
1	J20	741	416	1781.25
1	J21	958	407	2353.80835381
1	J22	1056	416	2538.46153846
1	J23	985	377	2612.73209549
1	J24	1159	410	2826.82926829
1	K01	511	390	1310.25641026
1	K02	753	430	1751.1627907
1	K03	1032	438	2356.16438356
1	K04	1224	441	2775.51020408
1	K05	1025	369	2777.77777778
1	K06	1162	395	2941.7721519
1	K07	658	442	1488.68778281
1	K08	916	409	2239.60880196
1	K09	1151	441	2609.97732426
1	K10	1157	418	2767.94258373
1	K11	1091	341	3199.41348974
1	K12	1183	499	2370.74148297
1	K13	732	415	1763.85542169
1	K14	1058	453	2335.54083885
1	K15	1212	416	2913.46153846
1	K16	1146	444	2581.08108108
1	K17	916	347	2639.76945245
1	K18	1153	418	2758.37320574
1	K19	987	348	2836.20689655
1	K20	1024	352	2909.09090909
1	K21	1109	455	2437.36263736
1	K22	1116	419	2663.48448687
1	K23	1119	401	2790.52369077
1	K24	1224	465	2632.25806452
1	L01	529	430	1230.23255814
1	L02	506	417	1213.42925659
1	L03	552	402	1373.13432836
1	L04	985	401	2456.35910224
1	L05	1124	451	2492.23946785
1	L06	1049	442	2373.30316742
1	L07	693	404	1715.34653465
1	L08	1003	454	2209.25110132
1	L09	996	396	2515.15151515
1	L10	1075	401	2680.79800499
1	L11	1119	417	2683.45323741
1	L12	1094	422	2592.41706161
1	L13	706	372	1897.84946237
1	L14	905	358	2527.93296089
1	L15	1130	460	2456.52173913
1	L16	1012	418	2421.05263158
1	L17	1095	427	2564.4028103
1	L18	1123	438	2563.92694064
1	L19	601	430	1397.6744186
1	L20	825	429	1923.07692308
1	L21	1088	436	2495.41284404
1	L22	995	383	2597.91122715
1	L23	1074	439	2446.46924829
1	L24	1155	420	2750.0
1	M01	741	400	1852.5
1	M02	1001	416	2406.25
1	M03	1109	395	2807.59493671
1	M04	1158	432	2680.55555556
1	M05	1168	427	2735.36299766
1	M06	1169	401	2915.21197007
1	M07	646	336	1922.61904762
1	M08	1031	398	2590.45226131
1	M09	1133	466	2431.3304721
1	M10	1118	420	2661.9047619
1	M11	1012	372	2720.43010753
1	M12	1167	418	2791.86602871
1	M13	603	189	3190.47619048
1	M14	1074	380	2826.31578947
1	M15	1010	413	2445.52058111
1	M16	1132	420	2695.23809524
1	M17	998	364	2741.75824176
1	M18	1064	386	2756.47668394
1	M19	449	248	1810.48387097
1	M20	821	400	2052.5
1	M21	895	390	2294.87179487
1	M22	1142	436	2619.26605505
1	M23	1130	462	2445.88744589
1	M24	1120	437	2562.92906178
1	N01	480	457	1050.32822757
1	N02	571	474	1204.64135021
1	N03	862	412	2092.23300971
1	N04	1076	412	2611.65048544
1	N05	961	400	2402.5
1	N06	1061	408	2600.49019608
1	N07	487	321	1517.13395639
1	N08	660	345	1913.04347826
1	N09	882	375	2352.0
1	N10	1057	399	2649.12280702
1	N11	1101	412	2672.33009709
1	N12	1042	424	2457.54716981
1	N13	521	397	1312.34256927
1	N14	948	404	2346.53465347
1	N15	939	492	1908.53658537
1	N16	1003	420	2388.0952381
1	N17	1053	430	2448.8372093
1	N18	1039	425	2444.70588235
1	N19	626	399	1568.92230576
1	N20	859	421	2040.38004751
1	N21	1088	405	2686.41975309
1	N22	1149	458	2508.73362445
1	N23	1085	465	2333.33333333
1	N24	1166	430	2711.62790698
1	O01	663	325	2040.0
1	O02	1083	408	2654.41176471
1	O03	1234	400	3085.0
1	O04	1150	403	2853.59801489
1	O05	1161	444	2614.86486486
1	O06	1144	415	2756.62650602
1	O07	543	420	1292.85714286
1	O08	836	407	2054.05405405
1	O09	1113	441	2523.80952381
1	O10	1136	427	2660.42154567
1	O11	1203	456	2638.15789474
1	O12	1137	441	2578.23129252
1	O13	557	433	1286.37413395
1	O14	815	429	1899.76689977
1	O15	1044	400	2610.0
1	O16	1129	408	2767.15686275
1	O17	1101	451	2441.24168514
1	O18	1217	417	2918.46522782
1	O19	703	435	1616.09195402
1	O20	1069	406	2633.00492611
1	O21	1150	457	2516.41137856
1	O22	1066	447	2384.78747204
1	O23	1066	451	2363.63636364
1	O24	1069	463	2308.85529158
1	P01	1899	395	4807.59493671
1	P02	1842	413	4460.04842615
1	P03	1836	405	4533.33333333
1	P04	1821	487	3739.21971253
1	P05	1812	472	3838.98305085
1	P06	1797	476	3775.21008403
1	P07	1733	437	3965.67505721
1	P08	1774	401	4423.94014963
1	P09	1792	485	3694.84536082
1	P10	1684	417	4038.36930456
1	P11	1855	471	3938.42887473
1	P12	1835	411	4464.72019465
1	P13	1667	422	3950.23696682
1	P14	1754	430	4079.06976744
1	P15	1804	437	4128.14645309
1	P16	1750	387	4521.96382429
1	P17	1691	453	3732.89183223
1	P18	1671	435	3841.37931034
1	P19	514	433	1187.0669746
1	P20	498	397	1254.40806045
1	P21	452	411	1099.756691
1	P22	458	419	1093.07875895
1	P23	448	404	1108.91089109
1	P24	516	432	1194.44444444


Exported with EnVision Workstation version 1.13.3009.1401
"
